0 0.081374 0.103365 0.070524 0.086538
0 0.186257 0.103365 0.070524 0.086538
0 0.283906 0.103365 0.070524 0.086538
0 0.081374 0.182692 0.070524 0.086538
0 0.186257 0.182692 0.070524 0.086538
0 0.283906 0.182692 0.070524 0.086538
0 0.081374 0.262019 0.070524 0.086538
0 0.186257 0.262019 0.070524 0.086538
0 0.283906 0.262019 0.070524 0.086538
0 0.081374 0.341346 0.070524 0.086538
0 0.186257 0.341346 0.070524 0.086538
0 0.283906 0.341346 0.070524 0.086538
0 0.273056 0.423077 0.075949 0.086538
0 0.273056 0.507212 0.075949 0.086538
0 0.273056 0.591346 0.075949 0.086538
0 0.273056 0.675481 0.075949 0.086538
0 0.273056 0.759615 0.075949 0.086538
0 0.081374 0.591346 0.077758 0.088942
0 0.081374 0.687500 0.077758 0.088942
0 0.081374 0.790865 0.077758 0.088942
0 0.461121 0.112981 0.068716 0.081731
0 0.526221 0.112981 0.068716 0.081731
0 0.526221 0.192308 0.070524 0.081731
0 0.526221 0.271635 0.070524 0.081731
0 0.526221 0.350962 0.070524 0.081731
0 0.526221 0.430288 0.070524 0.081731
0 0.526221 0.509615 0.070524 0.081731
0 0.526221 0.588942 0.070524 0.081731
0 0.526221 0.668269 0.070524 0.081731
0 0.526221 0.747596 0.070524 0.081731
0 0.526221 0.826923 0.070524 0.081731
0 0.632911 0.115385 0.070524 0.084135
0 0.632911 0.197115 0.070524 0.084135
0 0.632911 0.278846 0.070524 0.084135
0 0.632911 0.362981 0.070524 0.084135
0 0.632911 0.449519 0.070524 0.084135
0 0.717902 0.117788 0.070524 0.084135
0 0.717902 0.199519 0.070524 0.084135
0 0.717902 0.281250 0.070524 0.084135
0 0.717902 0.365385 0.070524 0.084135
0 0.717902 0.449519 0.070524 0.084135
0 0.717902 0.533654 0.070524 0.084135
0 0.808318 0.117788 0.070524 0.084135
0 0.808318 0.283654 0.070524 0.084135
0 0.896926 0.117788 0.070524 0.084135
0 0.896926 0.201923 0.070524 0.084135
0 0.896926 0.286058 0.070524 0.084135
0 0.896926 0.370192 0.070524 0.084135
0 0.896926 0.454327 0.070524 0.084135
0 0.896926 0.540865 0.070524 0.084135
0 0.896926 0.625000 0.070524 0.084135
0 0.896926 0.800481 0.070524 0.084135
0 0.808318 0.449519 0.072333 0.084135
0 0.808318 0.574519 0.072333 0.084135
0 0.717902 0.656250 0.070524 0.088942
0 0.717902 0.759615 0.070524 0.088942
0 0.273056 0.841346 0.075949 0.086538
0 0.526221 0.901442 0.070524 0.081731
0 0.896926 0.706731 0.070524 0.084135
