0 0.864695 0.101675 0.116487 0.122010
0 0.934588 0.141148 0.102151 0.119617
0 0.755376 0.162679 0.109319 0.119617
0 0.861111 0.247608 0.112903 0.122010
0 0.931900 0.275120 0.111111 0.129187
0 0.856631 0.385167 0.121864 0.124402
0 0.938172 0.409091 0.109319 0.129187
0 0.858423 0.514354 0.125448 0.119617
0 0.548387 0.125598 0.111111 0.155502
0 0.613799 0.193780 0.091398 0.138756
0 0.655914 0.271531 0.103943 0.126794
0 0.539427 0.309809 0.111111 0.141148
0 0.652330 0.393541 0.103943 0.141148
0 0.578853 0.483254 0.107527 0.143541
0 0.525090 0.577751 0.107527 0.145933
0 0.642473 0.566986 0.116487 0.143541
0 0.654122 0.651914 0.100358 0.145933
0 0.747312 0.651914 0.096774 0.145933
0 0.692652 0.733254 0.112903 0.145933
0 0.760753 0.723684 0.109319 0.141148
0 0.725806 0.832536 0.107527 0.157895
0 0.802867 0.809809 0.114695 0.150718
