0 0.210952 0.087740 0.062837 0.103365
0 0.314183 0.090144 0.071813 0.108173
0 0.399461 0.086538 0.080790 0.115385
0 0.493716 0.091346 0.071813 0.115385
0 0.583483 0.092548 0.071813 0.117788
0 0.682226 0.093750 0.071813 0.115385
0 0.789946 0.090144 0.071813 0.117788
0 0.911131 0.086538 0.062837 0.125000
0 0.219928 0.216346 0.080790 0.096154
0 0.318671 0.207933 0.080790 0.103365
0 0.776481 0.212740 0.080790 0.103365
0 0.911131 0.209135 0.062837 0.100962
0 0.399461 0.296875 0.080790 0.103365
0 0.399461 0.423077 0.080790 0.091346
0 0.677738 0.468750 0.098743 0.096154
0 0.218133 0.538462 0.084381 0.125000
0 0.909336 0.510817 0.066427 0.108173
0 0.776481 0.573317 0.080790 0.112981
0 0.909336 0.637019 0.066427 0.120192
0 0.592460 0.787260 0.089767 0.108173
0 0.682226 0.775240 0.089767 0.108173
0 0.592460 0.903846 0.089767 0.115385
0 0.682226 0.896635 0.089767 0.120192
