0 0.080935 0.845238 0.068345 0.080952
0 0.080935 0.750000 0.068345 0.080952
0 0.080935 0.654762 0.068345 0.080952
0 0.080935 0.511905 0.068345 0.080952
0 0.080935 0.345238 0.068345 0.080952
0 0.080935 0.226190 0.068345 0.080952
0 0.080935 0.130952 0.068345 0.080952
0 0.161871 0.928571 0.079137 0.080952
0 0.161871 0.619048 0.079137 0.080952
0 0.161871 0.523810 0.079137 0.080952
0 0.161871 0.428571 0.079137 0.080952
0 0.161871 0.333333 0.079137 0.080952
0 0.161871 0.238095 0.079137 0.080952
0 0.161871 0.142857 0.079137 0.080952
0 0.251799 0.933333 0.075540 0.080952
0 0.251799 0.838095 0.075540 0.080952
0 0.251799 0.742857 0.075540 0.080952
0 0.251799 0.647619 0.075540 0.080952
0 0.251799 0.552381 0.075540 0.080952
0 0.251799 0.457143 0.075540 0.080952
0 0.251799 0.361905 0.075540 0.080952
0 0.251799 0.266667 0.075540 0.080952
0 0.251799 0.171429 0.075540 0.080952
0 0.251799 0.076190 0.075540 0.080952
0 0.332734 0.885714 0.075540 0.080952
0 0.332734 0.790476 0.075540 0.080952
0 0.332734 0.695238 0.075540 0.080952
0 0.332734 0.600000 0.075540 0.080952
0 0.332734 0.504762 0.075540 0.080952
0 0.332734 0.409524 0.075540 0.080952
0 0.332734 0.314286 0.075540 0.080952
0 0.332734 0.219048 0.075540 0.080952
0 0.332734 0.123810 0.075540 0.080952
0 0.422662 0.928571 0.079137 0.080952
0 0.422662 0.833333 0.079137 0.080952
0 0.422662 0.690476 0.079137 0.080952
0 0.422662 0.595238 0.079137 0.080952
0 0.422662 0.500000 0.079137 0.080952
0 0.422662 0.404762 0.079137 0.080952
0 0.422662 0.309524 0.079137 0.080952
0 0.422662 0.214286 0.079137 0.080952
0 0.422662 0.119048 0.079137 0.080952
0 0.530576 0.880952 0.079137 0.080952
0 0.530576 0.785714 0.079137 0.080952
0 0.530576 0.690476 0.079137 0.080952
0 0.530576 0.595238 0.079137 0.080952
0 0.530576 0.500000 0.079137 0.080952
0 0.530576 0.404762 0.079137 0.080952
0 0.530576 0.309524 0.079137 0.080952
0 0.530576 0.214286 0.079137 0.080952
0 0.530576 0.119048 0.079137 0.080952
0 0.620504 0.940476 0.079137 0.080952
0 0.620504 0.845238 0.079137 0.080952
0 0.620504 0.750000 0.079137 0.080952
0 0.620504 0.654762 0.079137 0.080952
0 0.620504 0.559524 0.079137 0.080952
0 0.620504 0.464286 0.079137 0.080952
0 0.620504 0.369048 0.079137 0.080952
0 0.620504 0.273810 0.079137 0.080952
0 0.620504 0.178571 0.079137 0.080952
0 0.620504 0.083333 0.079137 0.080952
0 0.692446 0.928571 0.075540 0.080952
0 0.692446 0.833333 0.075540 0.080952
0 0.692446 0.738095 0.075540 0.080952
0 0.692446 0.642857 0.075540 0.080952
0 0.692446 0.547619 0.075540 0.080952
0 0.692446 0.452381 0.075540 0.080952
0 0.692446 0.357143 0.075540 0.080952
0 0.692446 0.261905 0.075540 0.080952
0 0.692446 0.166667 0.075540 0.080952
0 0.782374 0.928571 0.075540 0.080952
0 0.782374 0.833333 0.075540 0.080952
0 0.782374 0.738095 0.075540 0.080952
0 0.782374 0.595238 0.075540 0.080952
0 0.782374 0.500000 0.075540 0.080952
0 0.782374 0.404762 0.075540 0.080952
0 0.782374 0.309524 0.075540 0.080952
0 0.782374 0.214286 0.075540 0.080952
0 0.782374 0.119048 0.075540 0.080952
0 0.872302 0.928571 0.075540 0.080952
0 0.872302 0.833333 0.075540 0.080952
0 0.872302 0.738095 0.075540 0.080952
0 0.872302 0.642857 0.075540 0.080952
0 0.872302 0.547619 0.075540 0.080952
0 0.872302 0.452381 0.075540 0.080952
0 0.872302 0.357143 0.075540 0.080952
0 0.872302 0.261905 0.075540 0.080952
0 0.872302 0.166667 0.075540 0.080952
